Vernier Format 2
Sin título.cmbl 8/05/2025 11:49:01 .
Último
Tiempo	Posición	Velocidad 1	Aceleración 1	Angulo	Velocidad 2	Aceleración 2
t	x	v 1	a 1	Angulo	v 2	a 2
s	m	m/s	m/s²	rad	rad/s	rad/s²

0.05	0.4512165	0.269064444444	-1.17674407407	0.261799387799	5.56566105914	-1.92955845081
0.1	0.4663085	0.218567222222	-1.37836773148	0.541052068118	5.50263528059	-2.85393653613
0.15	0.47677	0.140229833333	-1.58573981481	0.820304748437	5.3407075111	-3.98678450433
0.2	0.480886	0.0509736111111	-1.63391861111	1.08210413624	5.07115110441	-4.49637755136
0.25	0.4810575	-0.0303936111111	-1.53192904321	1.32645023152	4.80935171661	-3.5978561957
0.3	0.4776275	-0.103948055556	-1.3583858642	1.55334303427	4.71238898038	-2.64923742633
0.35	0.4704245	-0.168832222222	-1.12882993827	1.79768912955	4.62512251778	-3.01123164156
0.4	0.459963	-0.217423888889	-0.89439367284	2.02458193231	4.40210822447	-3.28057257551
0.45	0.4481295	-0.253724722222	-0.739514351852	2.23402144255	4.2372715729	-2.55335205384
0.5	0.4347525	-0.289644444444	-0.61268904321	2.44346095279	4.15970138392	-1.9230942684
0.55	0.4189745	-0.319180555556	-0.411123611111	2.65290046303	4.05304237408	-1.41673331258
0.6	0.4021675	-0.334043888889	-0.146039660494	2.84488668075	4.01425727959	-0.888825082036
0.65	0.384846	-0.33271	0.111951388889	3.05432619099	3.98516845872	-0.721833702984
0.7	0.3685535	-0.320895555556	0.346969907407	3.24631240871	3.91729454337	-0.226246384515
0.75	0.352604	-0.301077777778	0.634338271605	3.43829862643	3.9754721851	-0.0377077307515
0.8	0.337512	-0.260775277778	0.96812808642	3.64773813667	3.96577591148	-0.764928252418
0.85	0.325507	-0.199130555556	1.20002361111	3.83972435439	3.87850944888	-1.308996939
0.9	0.317618	-0.134055833333	1.28969058642	4.03171057211	3.83002808077	-1.91770744972
0.95	0.31213	-0.0681236111111	1.30398225309	4.22369678983	3.74276161817	-3.38830894909
1	0.3105865	-0.000190555555556	1.23109475309	4.41568300755	3.48096223037	-4.47644632224
1.05	0.312473	0.0595486111111	1.0759507716	4.57276264023	3.19977029532	-3.61994215228
1.1	0.317275	0.105567777778	0.955847839506	4.7298422729	3.04462991737	-1.18510010938
1.15	0.323106	0.148919166667	0.946425925926	4.86946861306	3.06402246461	1.59988514766
1.2	0.331681	0.199702222222	0.950025308642	5.02654824574	3.2773404843	3.00584482288
1.25	0.3431715	0.248389166667	0.873062037037	5.20108117094	3.44217713588	2.95736345477
1.3	0.3568915	0.289644444444	0.735015123457	5.37561409614	3.5391398721	3.41524304248
1.35	0.372498	0.322134166667	0.57325462963	5.55014702134	3.72336907092	4.98280727807
1.4	0.389305	0.347954444444	0.374865123457	5.74213323906	4.03364982683	6.73891016742
1.45	0.4076555	0.363484722222	0.0835797839506	5.9515727493	4.4118044981	8.09100165585
1.5	0.426349	0.361483888889	-0.331990123457	6.17846555206	4.88692190558	8.20951166679
1.55	0.4446995	0.335473055556	-0.860675925926	6.44026493986	5.3329504922	6.1032655633
1.6	0.4611635	0.278306388889	-1.42487916667	6.71951762018	5.59474988	2.07931201009
1.65	0.4741975	0.185601111111	-1.8137183642	7.01622359302	5.52687596465	-1.75071607067
1.7	0.4802	0.0809861111111	-1.86257469136	7.27802298082	5.30386167134	-3.45833759192
1.75	0.481572	-0.0109569444444	-1.66709645062	7.53982236862	5.15841756701	-4.4118044981
1.8	0.478485	-0.0880366666667	-1.38872654321	7.80162175641	4.87722563196	-5.30062958013
1.85	0.4721395	-0.149109722222	-1.11670848765	8.02851455917	4.57664114967	-5.1282513824
1.9	0.46305	-0.197129722222	-0.905774074074	8.25540736193	4.34393058274	-4.37409676734
1.95	0.452074	-0.236384166667	-0.773073302469	8.46484687217	4.10152374219	-2.74189070761
2	0.4392115	-0.27097	-0.709872376543	8.65683308989	4.04334610045	-0.59793687337
2.05	0.4251485	-0.307080277778	-0.642436882716	8.86627260013	4.0627386477	1.0773637358
2.1	0.408513	-0.341094444444	-0.447911419753	9.05825881785	4.18879020479	1.84229198822
2.15	0.390334	-0.358720833333	-0.100729783951	9.28515162061	4.31484176188	1.09352419184
2.2	0.371812	-0.355386111111	0.342788271605	9.49459113085	4.33423430912	-0.474040043753
2.25	0.353633	-0.324611388889	0.786200462963	9.72148393361	4.27605666739	-2.11163292217
2.3	0.3383695	-0.271065277778	1.10935092593	9.93092344385	4.0627386477	-2.53180477913
2.35	0.326193	-0.207133888889	1.28995524691	10.1229096616	3.93668709061	-1.43828058729
2.4	0.317618	-0.139581944444	1.39206126543	10.3148958793	3.96577591148	-1.13661874127
2.45	0.3119585	-0.0665991666667	1.43869444444	10.5243353895	3.91729454337	-2.45100249894
2.5	0.310758	0.00914666666667	1.37935756173	10.7163216072	3.69428025005	-3.33982758098
2.55	0.3133305	0.0756505555556	1.23125354938	10.8908545324	3.51005105123	-2.80653253176
2.6	0.3188185	0.131673888889	1.08352006173	11.0653874576	3.37430322052	-1.36825194446
2.65	0.3267075	0.181694722222	0.970086574074	11.2224670903	3.3646069469	0.26934093395
2.7	0.3369975	0.229047777778	0.84977191358	11.3970000155	3.4518734095	1.00194827429
2.75	0.34986	0.269636111111	0.681659567901	11.5715329407	3.49065850399	1.26051557088
2.8	0.364609	0.296980833333	0.521116512346	11.7460658659	3.5391398721	2.19782202103
2.85	0.3798725	0.317846666667	0.41419367284	11.9205987911	3.68458397643	3.72229170719
2.9	0.396165	0.338807777778	0.275352777778	12.1125850088	3.89790199612	5.55919687672
2.95	0.413658	0.356529444444	-0.0705055555556	12.3045712266	4.2372715729	7.36916795287
3	0.4337235	0.337473888889	-0.538689969136	12.5314640293	4.68330015952	8.12332256792
3.05	0.448301	0.295646944444	-0.913343364198	12.7758101246	5.09054365165	7.71392434832
3.1	0.46305	0.248675	-1.32007361111	13.0376095124	5.51717969103	5.71002779973
3.15	0.4748835	0.166545555556	-1.73368503086	13.3343154852	5.7692828052	1.59449832898
3.2	0.4807145	0.0639313888889	-1.90698472222	13.6310214581	5.6820163426	-2.58567296592
3.25	0.4810575	-0.0370630555556	-1.80244382716	13.9102741384	5.41052068118	-4.79426862431
3.3	0.4762555	-0.122336666667	-1.53788919753	14.1720735262	5.10993619889	-5.01512819014
3.35	0.468195	-0.191413055556	-1.23945802469	14.4164196215	4.88692190558	-4.45489904753
3.4	0.456533	-0.245435555556	-0.961987962963	14.6607657168	4.68330015952	-3.97008536642
3.45	0.4429845	-0.284404166667	-0.755658641975	14.8876585195	4.45058959259	-2.74727752629
3.5	0.4278925	-0.317179722222	-0.623116666667	15.0970980298	4.38271567723	-1.02888236769
3.55	0.411257	-0.347192222222	-0.475383179012	15.3239908325	4.37301940361	0.307048664704
3.6	0.3929065	-0.369487222222	-0.218450771605	15.5334303427	4.4118044981	1.52985650483
3.65	0.3736985	-0.375775555556	0.194313734568	15.7603231455	4.54755232881	2.00928336726
3.7	0.354319	-0.356243611111	0.738985030864	15.9872159483	4.68330015952	0.883438263353
3.75	0.3366545	-0.303173888889	1.29524845679	16.2315620435	4.73178152763	-2.06315155405
3.8	0.3225915	-0.2186625	1.66826095679	16.4759081388	4.47967841345	-4.97203364071
3.85	0.3143595	-0.122908333333	1.74840015432	16.6853476491	4.10152374219	-5.32217685485
3.9	0.310758	-0.0348716666667	1.6161757716	16.8773338668	3.86881317525	-3.95392491038
3.95	0.311444	0.0405883333333	1.41355169753	17.0693200845	3.7136727973	-2.55873887252
4	0.315217	0.1054725	1.21304490741	17.2438530097	3.65549515557	-1.99312291123
4.05	0.3222485	0.1620675	1.00957391975	17.4358392274	3.57792496659	-2.52641796045
4.1	0.3318525	0.207705555556	0.795145987654	17.6103721526	3.3646069469	-2.30555839461
4.15	0.343686	0.239528333333	0.628621604938	17.7674517853	3.24825166343	-0.285501389987
4.2	0.356034	0.265443888889	0.556475154321	17.924531418	3.33551812603	1.86383926293
4.25	0.3699255	0.294789444444	0.490257098765	18.0990643432	3.49065850399	3.03277891627
4.3	0.3857035	0.319180555556	0.329502314815	18.2735972684	3.66519142919	3.58762124021
4.35	0.402339	0.331947777778	0.0711936728395	18.4655834861	3.84942062801	3.99701945982
4.4	0.419489	0.32928	-0.255767901235	18.6575697038	4.05304237408	4.53031450904
4.45	0.4361245	0.306699166667	-0.590986882716	18.8670092141	4.3245380355	4.67037179469
4.5	0.4508735	0.266968333333	-0.868774537037	19.0939020168	4.53785605519	4.43335177281
4.55	0.46305	0.218281388889	-1.11268564815	19.3207948196	4.75117407487	4.26097357508
4.6	0.4731685	0.157208333333	-1.36654799383	19.5651409149	5.00327718905	3.26979893815
4.65	0.479514	0.0801286111111	-1.57266558642	19.8269403027	5.13902501976	1.22280784013
4.7	0.481572	-0.0060025	-1.6465058642	20.0887396905	5.09054365165	-0.263954115271
4.75	0.478828	-0.0907997222222	-1.57727067901	20.3330857857	5.06145483078	-0.791862345812
4.8	0.4721395	-0.167688888889	-1.41201666667	20.5948851735	5.02266973629	-1.33054421371
4.85	0.4615065	-0.2323825	-1.22140817901	20.8392312688	4.91601072645	-1.55140377955
4.9	0.448644	-0.289168055556	-1.0288941358	21.0835773641	4.85783308472	-1.54601696087
4.95	0.4323515	-0.337759722222	-0.785406481481	21.3279234594	4.75117407487	-1.28744966428
5	0.4141725	-0.370344722222	-0.486869444444	21.5548162621	4.71238898038	-0.576389598652
5.05	0.3946215	-0.386446666667	-0.166947839506	21.7991623574	4.69299643314	0.328595939416
5.1	0.3750705	-0.388638055556	0.213581018519	22.0260551602	4.68330015952	2.10085928481
5.15	0.3551765	-0.372155	0.742055092593	22.2529479629	4.92570700007	2.88194799326
5.2	0.336483	-0.321848333333	1.38798549383	22.5147473507	5.18750638787	-0.517134593182
5.25	0.3208765	-0.227428055556	1.88194783951	22.794000031	5.01297346267	-6.41570104668
5.3	0.312816	-0.112808888889	1.94583688272	23.0383461263	4.40210822447	-9.62624497936
5.35	0.310758	-0.0181027777778	1.68027654321	23.230332344	3.82033180714	-8.29031394697
5.4	0.3119585	0.0553563888889	1.36522469136	23.4048652692	3.51974732486	-5.29524276145
5.45	0.3167605	0.114809722222	1.11723780864	23.5793981944	3.33551812603	-2.71495661421
5.5	0.3239635	0.162448611111	0.97797345679	23.7364778271	3.23855538981	-0.0969627362202
5.55	0.333053	0.207991388889	0.936845216049	23.8935574598	3.33551812603	2.18166156499
5.6	0.3445435	0.256106666667	0.901751234568	24.068090385	3.50035477761	3.58223442153
5.65	0.358778	0.301363611111	0.803985648148	24.2426233102	3.70397652368	4.63266406394
5.7	0.3750705	0.339093611111	0.625339814815	24.4346095279	3.98516845872	5.18211956919
5.75	0.3929065	0.367676944444	0.333842746914	24.6440490382	4.22757529927	5.51071550861
5.8	0.4121145	0.383683611111	-0.170600154321	24.8534885484	4.53785605519	5.63999915691
5.85	0.433552	0.354052222222	-0.737291203704	25.0978346437	4.83844053747	4.80504226166
5.9	0.448644	0.297647777778	-1.08823101852	25.342180739	5.04206228354	3.4098562238
5.95	0.4628785	0.241243333333	-1.33865277778	25.6039801268	5.18750638787	1.73994243332
6	0.473683	0.165592777778	-1.5735125	25.8657795146	5.21659520874	0.0377077307525
6.05	0.4800285	0.0784136111111	-1.67826512346	26.1275789024	5.18750638787	-1.54601696087
6.1	0.481572	-0.0104805555556	-1.60416018519	26.3893782902	5.05175855716	-2.88733481194
6.15	0.478485	-0.0884177777778	-1.38576234568	26.6337243854	4.87722563196	-3.72229170719
6.2	0.471968	-0.149586111111	-1.14619166667	26.8780704807	4.6736038859	-4.21787902565
6.25	0.46305	-0.199225833333	-0.976650154321	27.1049632835	4.4118044981	-3.7438389819
6.3	0.4519025	-0.243911111111	-0.872056327161	27.3144027937	4.24696784652	-2.25169020782
6.35	0.438697	-0.287167222222	-0.754229475309	27.523842304	4.19848647841	-0.888825082035
6.4	0.422919	-0.3232775	-0.558910030864	27.7332818142	4.18879020479	-0.0377077307534
6.45	0.405769	-0.3455725	-0.308170679012	27.9427213244	4.19848647841	0.689512790911
6.5	0.3877615	-0.353861666667	-0.0454157407407	28.1521608347	4.2372715729	1.68068742785
6.55	0.3699255	-0.349764722222	0.238353240741	28.3616003449	4.37301940361	2.39174749347
6.6	0.352604	-0.335568333333	0.642595679012	28.5884931477	4.52815978156	1.87461290029
6.65	0.3352825	-0.294313055556	1.19653009259	28.8153859504	4.63481879141	-0.215472747161
6.7	0.3212195	-0.21266	1.6633382716	29.0597320457	4.56694487605	-3.32905394362
6.75	0.313159	-0.111570277778	1.79868564815	29.2866248485	4.22757529927	-4.96126000335
6.8	0.310758	-0.0208658333333	1.67244259259	29.4786110662	3.93668709061	-3.96469854774
6.85	0.311787	0.0554516666667	1.50972932099	29.6705972839	3.82033180714	-2.35403976272
6.9	0.3164175	0.126624166667	1.39576651235	29.8625835016	3.7136727973	-0.748767796382
6.95	0.324478	0.195033611111	1.28333873457	30.0371164268	3.72336907092	1.14200555995
7	0.33614	0.257631111111	1.1192492284	30.2291026445	3.84942062801	2.54796523517
7.05	0.3507175	0.309081111111	0.90423904321	30.4210888623	4.01425727959	3.22131757004
7.1	0.3675245	0.349193055556	0.642966203704	30.6305283725	4.18879020479	3.45295077323
7.15	0.3860465	0.375966111111	0.311134876543	30.8399678827	4.36332312999	3.56068714682
7.2	0.4055975	0.387399444444	-0.145086882716	31.0668606855	4.53785605519	3.85157535548
7.25	0.426692	0.361102777778	-0.597444598765	31.2937534883	4.73178152763	4.39025722338
7.3	0.4422985	0.317751388889	-0.887618364198	31.5380995835	4.96449209456	4.83197635506
7.35	0.457905	0.276019722222	-1.21966141975	31.7824456788	5.30386167134	3.41524304248
7.4	0.471625	0.200464444444	-1.58981558642	32.0791516517	5.42991322843	-0.387850944889
7.45	0.4789995	0.104805555556	-1.71425895062	32.3409510395	5.23598775598	-3.79770716869
7.5	0.481572	0.0164830555556	-1.57991728395	32.6027504273	4.98388464181	-5.74773553049
7.55	0.479857	-0.0558327777778	-1.35717901235	32.8470965225	4.5863374233	-5.84469826671
7.6	0.4755695	-0.116524722222	-1.1705404321	33.0565360328	4.29544921463	-3.79770716869
7.65	0.4680235	-0.171118888889	-1.02767669753	33.265975543	4.20818275203	-1.63759287842
7.7	0.4580765	-0.217614444444	-0.923665123457	33.4754150533	4.18879020479	-0.495587318469
7.75	0.446243	-0.262299722222	-0.834474537037	33.6848545635	4.18879020479	-0.0861890988655
7.8	0.431837	-0.304126666667	-0.679965740741	33.8942940737	4.18879020479	0.032320912074
7.85	0.415373	-0.334996666667	-0.432243518519	34.103733584	4.18879020479	0.231633203199
7.9	0.397537	-0.348335555556	-0.153873611111	34.3131730942	4.19848647841	0.743380977703
7.95	0.380044	-0.348621388889	0.108563734568	34.5226126044	4.2372715729	1.73455561464
8	0.3623795	-0.338807777778	0.411652932099	34.7320521147	4.37301940361	2.65570160874
8.05	0.3455725	-0.312606388889	0.823252932099	34.9589449174	4.53785605519	2.75266434496
8.1	0.3301375	-0.261632777778	1.32780169753	35.1858377202	4.69299643314	1.73455561464
8.15	0.317961	-0.178264722222	1.77841265432	35.4301838155	4.78026289574	-0.69489960959
8.2	0.3112725	-0.0721252777778	1.97484367284	35.6745299108	4.64451506503	-3.43140349852
8.25	0.3109295	0.0322991666667	1.88321820988	35.9014227135	4.36332312999	-4.57340905847
8.3	0.315217	0.122050833333	1.64036574074	36.1108622238	4.08213119494	-3.46911122927
8.35	0.323792	0.195986388889	1.38300987654	36.3028484415	3.94638336423	-0.867277807317
8.4	0.3352825	0.257821666667	1.1706992284	36.4948346592	4.02395355321	1.34670466975
8.45	0.34986	0.311367777778	0.990041975309	36.7042741694	4.1500051103	2.39174749347
8.5	0.366667	0.358149166667	0.766245061728	36.9137136797	4.24696784652	3.56607396549
8.55	0.3860465	0.392830277778	0.420651388889	37.1231531899	4.46028586621	5.24676139334
8.6	0.406455	0.410647222222	-0.128466203704	37.3500459927	4.83844053747	5.51610232729
8.65	0.4292645	0.383588333333	-0.747454166667	37.6118453805	5.12932874614	3.45295077324
8.7	0.4460715	0.32585	-1.18054459877	37.8736447683	5.20689893512	0.619484148084
8.75	0.4618495	0.260203611111	-1.46923626543	38.1354441561	5.17781011425	-2.12240655953
8.8	0.4731685	0.173786666667	-1.60558935185	38.3972435439	4.99358091543	-4.55724860243
8.85	0.479171	0.0888941666667	-1.51968055556	38.6415896392	4.6736038859	-5.61306506351
8.9	0.481229	0.0186744444444	-1.35659675926	38.8684824419	4.30514548825	-4.04550082792
8.95	0.4807145	-0.0431608333333	-1.24612746914	39.0604686596	4.16939765754	-0.619484148084
9	0.4769415	-0.103471666667	-1.18917253086	39.2699081699	4.3245380355	1.37363876314
9.05	0.470253	-0.161400555556	-1.15233179012	39.4968009726	4.44089331896	0.90498553807
9.1	0.4608205	-0.219043611111	-1.10511635802	39.7236937754	4.40210822447	0.393237763568
9.15	0.448301	-0.274304722222	-1.00819768519	39.9331332856	4.4118044981	1.02349554901
9.2	0.4330375	-0.321943611111	-0.863375462963	40.1600260884	4.50876723432	1.82613153218
9.25	0.415716	-0.360816944444	-0.687217438272	40.3869188911	4.5863374233	2.86578753722
9.3	0.396851	-0.393878333333	-0.405989197531	40.6138116939	4.77056662212	4.08320855868
9.35	0.375928	-0.412362222222	0.11920308642	40.8581577892	5.05175855716	3.86773581152
9.4	0.3541475	-0.39445	0.888200617284	41.119957177	5.28446912409	1.04504282372
9.45	0.334082	-0.323658611111	1.63994228395	41.3992098573	5.24568402961	-3.47988486663
9.5	0.320019	-0.213708055556	2.04243796296	41.6610092451	4.86752935834	-6.58269242573
9.55	0.312816	-0.100899166667	2.04312608025	41.8879020479	4.43119704534	-6.49650332687
9.6	0.310758	-0.00304888888889	1.85796959877	42.0973415581	4.12091628943	-4.2825208498
9.65	0.312816	0.0849877777778	1.63184367284	42.2893277758	4.02395355321	-2.20859565839
9.7	0.319676	0.161305277778	1.38147484568	42.4987672861	3.9754721851	-1.46521468069
9.75	0.329623	0.222664166667	1.14137484568	42.6907535038	3.87850944888	-0.867277807319
9.8	0.342314	0.273733055556	0.92779382716	42.8827397215	3.85911690163	0.188538653764
9.85	0.3572345	0.316322222222	0.699762345679	43.0747259392	3.8882057225	1.40595967522
9.9	0.374556	0.3455725	0.429067592593	43.2667121569	4.01425727959	2.37020021876
9.95	0.392392	0.3592925	0.133706481481	43.4761516672	4.15970138392	2.65031479007
10	0.410571	0.3644375	-0.261061111111	43.6855911774	4.26636039376	2.88733481194
10.05	0.430465	0.33614	-0.695157253086	43.8950306877	4.47967841345	2.47254977366
10.1	0.445214	0.285166388889	-0.948649074074	44.1393767829	4.5863374233	0.953466906182
10.15	0.458591	0.236003055556	-1.08807222222	44.3662695857	4.48937468707	0.910372356749
10.2	0.469224	0.177597777778	-1.22336666667	44.5757090959	4.59603369692	2.19782202103
10.25	0.4765985	0.113475833333	-1.3419875	44.8200551912	4.79965544298	1.91232063104
10.3	0.480886	0.0420175	-1.41820972222	45.0644012865	4.85783308472	0.17237819773
10.35	0.4810575	-0.0337283333333	-1.37364089506	45.3087473818	4.82874426385	-2.03621746066
10.4	0.477113	-0.100994444444	-1.20632253086	45.5530934771	4.65421133865	-4.13707674547
10.45	0.4704245	-0.156160277778	-0.991577006173	45.7799862798	4.36332312999	-5.01512819014
10.5	0.460992	-0.19894	-0.799274691358	45.9894257901	4.07243492132	-4.17478447622
10.55	0.4501875	-0.233144722222	-0.674090277778	46.1814120078	3.89790199612	-2.20859565839
10.6	0.4374965	-0.263061944444	-0.620205401235	46.3733982255	3.85911690163	-0.215472747161
10.65	0.423948	-0.293360277778	-0.599932407407	46.5653844432	3.8882057225	1.56217741691
10.7	0.4083415	-0.325659444444	-0.524239506173	46.7573706609	4.02395355321	3.18360983929
10.75	0.39102	-0.350431666667	-0.335218981481	46.9668101712	4.20818275203	4.77810816827
10.8	0.372841	-0.36358	-0.00741049382716	47.1762496814	4.46998213983	6.58269242573
10.85	0.354319	-0.361579166667	0.558327777778	47.4031424842	4.91601072645	6.83587290364
10.9	0.335111	-0.320514444444	1.35215046296	47.664941872	5.36203931307	2.89272163062
10.95	0.3195045	-0.221806666667	2.02068287037	47.9616478448	5.35234303945	-3.81925444341
11	0.3116155	-0.0941344444444	2.18842469136	48.2234472326	4.86752935834	-8.38727668319
11.05	0.311101	0.01715	1.91688302469	48.4503400354	4.29544921463	-8.54888124356
11.1	0.3147025	0.100041666667	1.53788919753	48.6423262531	3.90759826974	-6.06555783255
11.15	0.321734	0.165306944444	1.24533348765	48.8343124708	3.69428025005	-3.18360983929
11.2	0.3315095	0.220949166667	1.04043333333	49.008845396	3.58762124021	-0.274727752632
11.25	0.3442005	0.267730555556	0.887247839506	49.1833783212	3.68458397643	2.17627474631
11.3	0.3586065	0.307556666667	0.768468209877	49.3753645389	3.84942062801	3.71690488851
11.35	0.374899	0.3455725	0.605649074074	49.5673507566	4.0627386477	4.88584454185
11.4	0.3932495	0.376823611111	0.263654783951	49.7767902669	4.36332312999	5.33833731088
11.45	0.4138295	0.380348888889	-0.242481944444	50.0036830696	4.65421133865	4.70269270676
11.5	0.432866	0.34986	-0.714054012346	50.2480291649	4.84813681109	3.75999943794
11.55	0.44933	0.302411666667	-1.06684645062	50.4923752602	4.97418836818	3.54452669078
11.6	0.463393	0.243244166667	-1.38676805556	50.7367213555	5.21659520874	2.87656117459
11.65	0.474712	0.162448611111	-1.64417685185	51.0159740358	5.39112813394	0.00538681867899
11.7	0.4802	0.0697433333333	-1.70901867284	51.2952267161	5.21659520874	-2.83885344383
11.75	0.481229	-0.0158161111111	-1.6035779321	51.5395728114	4.97418836818	-3.3613748557
11.8	0.4783135	-0.0934675	-1.40889367284	51.7839189067	4.85783308472	-3.28057257551
11.85	0.4714535	-0.159304444444	-1.15233179012	52.028265002	4.69299643314	-3.8461885368
11.9	0.461678	-0.209039444444	-0.889947376543	52.2551578047	4.48937468707	-4.63266406393
11.95	0.450016	-0.245816666667	-0.675572376543	52.4820506075	4.19848647841	-4.75656089355
12	0.4368105	-0.274304722222	-0.507883487654	52.6740368252	3.93668709061	-3.43140349852
12.05	0.4224045	-0.296599722222	-0.348875462963	52.8660230429	3.84942062801	-1.86383926293
12.1	0.406798	-0.310224444444	-0.182827469136	53.0580092606	3.8009392599	-0.942693268826
12.15	0.3908485	-0.312892222222	-0.0567432098765	53.2499954783	3.72336907092	0.700286428272
12.2	0.3754135	-0.312511111111	0.0238723765432	53.4245284035	3.78154671265	4.01317991586
12.25	0.359807	-0.313654444444	0.20452962963	53.6165146213	4.10152374219	7.58464070002
12.3	0.3438575	-0.304698333333	0.66196882716	53.8259541315	4.61542624416	9.10911038618
12.35	0.3280795	-0.263347777778	1.41270478395	54.0703002268	5.22629148236	6.03862373915
12.4	0.314531	-0.161019444444	2.08457191358	54.3670061996	5.43960950205	-1.27128920824
12.45	0.3105865	-0.0285833333333	2.22436558642	54.6462588799	5.02266973629	-7.16985566174
12.5	0.3129875	0.0820341666667	1.91153688272	54.8731516827	4.46998213983	-8.1287093866
12.55	0.320019	0.1654975	1.48130478395	55.0825911929	4.08213119494	-5.95243464029
12.6	0.3304805	0.225141388889	1.13295864198	55.2745774107	3.86881317525	-3.02200527892
12.65	0.343	0.272208611111	0.921177314815	55.4665636284	3.77185043903	0.0484813681108
12.7	0.357749	0.314988333333	0.76232808642	55.6410965536	3.8882057225	2.65570160875
12.75	0.3747275	0.351479722222	0.537419598765	55.8505360638	4.12091628943	3.641489427
12.8	0.393421	0.373584166667	0.196960339506	56.0599755741	4.26636039376	3.99701945981
12.85	0.412629	0.378919722222	-0.292026388889	56.2694150843	4.52815978156	3.8192544434
12.9	0.433209	0.345000833333	-0.789111728395	56.5137611796	4.75117407487	1.65375333445
12.95	0.447958	0.289739722222	-1.0889191358	56.7581072749	4.71238898038	-0.991174636935
13	0.462021	0.231810833333	-1.26634753086	56.9850000776	4.62512251778	-3.0758734657
13.05	0.471968	0.159018611111	-1.32753703704	57.2293461729	4.36332312999	-4.02395355321
13.1	0.4776275	0.0919430555556	-1.25046790123	57.4213323906	4.11122001581	-2.59644660327
13.15	0.480543	0.0351575	-1.18832561728	57.6307719009	4.05304237408	0.0269340933981
13.2	0.481229	-0.0220091666667	-1.21108641975	57.8227581186	4.11122001581	2.71495661421
13.25	0.4786565	-0.0848925	-1.25745493827	58.0321976288	4.37301940361	4.16939765754
13.3	0.4728255	-0.149871944444	-1.25708441358	58.2590904316	4.64451506503	3.13512847117
13.35	0.463736	-0.215041944444	-1.15878950617	58.5034365268	4.77056662212	0.420171856961
13.4	0.4508735	-0.2701125	-0.968022222222	58.7477826221	4.66390761227	-1.80458425746
13.45	0.4361245	-0.311939444444	-0.767568364198	58.9746754249	4.46028586621	-1.44366740597
13.5	0.4193175	-0.344524444444	-0.603320061728	59.1841149351	4.43119704534	0.888825082033
13.55	0.4014815	-0.3712975	-0.438066049383	59.4110077379	4.55724860243	3.42601667984
13.6	0.382102	-0.393020833333	-0.141169907407	59.6379005406	4.78026289574	5.67232006898
13.65	0.3616935	-0.398070555556	0.439865740741	59.8822466359	5.14872129338	6.68504198063
13.7	0.3407705	-0.363770555556	1.29995941358	60.1440460237	5.62383870087	3.74383898191
13.75	0.32242	-0.267349444444	2.10225123457	60.4582052891	5.7692828052	-3.87312263019
13.8	0.3119585	-0.127862777778	2.36865848765	60.7549112619	5.23598775598	-11.209969671
13.85	0.3105865	-0.00333472222222	2.06096419753	60.9992573572	4.34393058274	-12.5243534287
13.9	0.313502	0.0836538888889	1.58330493827	61.1737902824	3.7136727973	-8.20412484811
13.95	0.3198475	0.147108888889	1.22987731481	61.3483232076	3.52944359848	-3.27518575683
14	0.328594	0.19894	1.03815725309	61.5228561328	3.50035477761	-0.296275027343
14.05	0.3397415	0.248198611111	0.913343364198	61.697389058	3.5391398721	1.55140377955
14.1	0.3534615	0.293741388889	0.72972191358	61.8719219832	3.67488770281	2.68263570214
14.15	0.369754	0.325278333333	0.464585030864	62.0639082009	3.83972435439	3.03277891628
14.2	0.3867325	0.339951111111	0.186638580247	62.2558944186	4.00456100597	2.75266434497
14.25	0.404054	0.3438575	-0.097924382716	62.4653339289	4.14030883668	2.00389654858
14.3	0.4217185	0.332328888889	-0.414670061728	62.6747734391	4.18879020479	1.62681924106
14.35	0.4381825	0.301173055556	-0.704367438272	62.8842129494	4.24696784652	2.21936929575
14.4	0.4522455	0.258393333333	-0.926364660494	63.0936524596	4.40210822447	2.86578753722
14.45	0.4642505	0.207705555556	-1.11766126543	63.3205452624	4.61542624416	2.04160427934
14.5	0.4735115	0.145965555556	-1.27846898148	63.5648913576	4.65421133865	0.355530032813
14.55	0.479171	0.0766986111111	-1.36522469136	63.7917841604	4.5863374233	-0.301661846023
14.6	0.481229	0.00581194444444	-1.36644212963	64.0186769632	4.57664114967	-0.134670466975
14.65	0.4796855	-0.0632644444444	-1.29000817901	64.2455697659	4.62512251778	-0.727220521663
14.7	0.4745405	-0.124718611111	-1.17249891975	64.4899158612	4.52815978156	-1.71300833992
14.75	0.4669945	-0.180170277778	-1.05255478395	64.6993553714	4.40210822447	-1.80242952999
14.8	0.4563615	-0.2306675	-0.918186651235	64.9262481742	4.33423430912	-1.46683072629
14.85	0.443499	-0.272208611111	-0.776381558643	65.1356876844	4.2372715729	-0.635105922245
14.9	0.429093	-0.308414166667	-0.641584675928	65.3451271947	4.24115008235	0.664194743146
14.95	0.412286	-0.33656875	-0.506745447534	65.5545667049	4.32938617231	1.54009146036
15	0.394107	-0.35329	-0.406889043214	65.7814595077	4.44089331897	2.00712863984
