Vernier Format 2
Sin título.cmbl 8/05/2025 11:51:50 .
Último
Tiempo	Posición	Velocidad 1	Aceleración 1	Angulo	Velocidad 2	Aceleración 2
t	x	v 1	a 1	Angulo	v 2	a 2
s	m	m/s	m/s²	rad	rad/s	rad/s²

0.033333	0.3706115	0.44504695047	0.211401797459	0.174532925199	4.82879255178	2.87985086253
0.066666	0.385189	0.453407659077	0.0799753842219	0.331612557879	4.94514899881	2.41078424476
0.099999	0.4004525	0.462197121971	-0.252217231819	0.506145483078	4.98296484409	2.47259922539
0.133332	0.4169165	0.445189868565	-0.794453909832	0.663225115758	5.04696088996	4.05554755302
0.166665	0.430808	0.405744474111	-1.25632217493	0.837758040957	5.25058467226	5.57789295847
0.199998	0.4443565	0.352721860552	-1.46873631902	1.01229096616	5.48329756632	4.97428785345
0.233331	0.454132	0.30184301843	-1.5020842082	1.20427718388	5.67237679275	1.32114370377
0.266664	0.464079	0.259110507772	-1.6693000525	1.3962634016	5.64328768099	-4.49673682658
0.299997	0.472311	0.19308234749	-1.87188847925	1.58824961931	5.36694111929	-9.81767339495
0.33333	0.477113	0.123195398621	-1.77363130578	1.76278254451	4.84333710766	-10.9206465788
0.366663	0.479857	0.0700298669653	-1.52030644764	1.90240888467	4.52335687832	-8.435926769
0.399996	0.481572	0.0251535848692	-1.31914721615	2.05948851735	4.34882220777	-7.09054189636
0.433329	0.481572	-0.0171501715017	-1.14633369045	2.19911485751	4.04338653432	-5.52698650383
0.466662	0.4802	-0.0521651049844	-0.979236945752	2.32128790515	3.94157464317	-3.0786284473
0.499995	0.477799	-0.0791766250996	-0.911945669378	2.46091424531	3.88339641965	-1.62415831472
0.533328	0.475055	-0.108903589036	-0.956608020954	2.58308729295	3.79612908438	0.569667468595
0.566661	0.4707675	-0.144633112998	-0.956965319766	2.70526034059	3.92703008729	2.26654928995
0.599994	0.4652795	-0.176075094084	-0.865020425322	2.84488668075	4.0579310902	1.1393349372
0.633327	0.458934	-0.204229958966	-0.727817681281	2.98451302091	3.9852083108	0.290894026517
0.66666	0.4512165	-0.220808458085	-0.690063106749	3.10668606855	3.99975286668	1.09085259943
0.699993	0.444528	-0.245104534379	-0.777005817816	3.24631240871	4.11610931371	0.351496948698
0.733326	0.435267	-0.278261532615	-0.715193123235	3.38593874887	4.10156475783	-2.32715221213
0.766659	0.4254915	-0.298270066034	-0.513676592925	3.52556508903	3.92703008729	-4.09675754011
0.799992	0.41503	-0.309274759414	-0.375759251259	3.64773813667	3.73795086086	-3.32104013607
0.833325	0.4049115	-0.318564435644	-0.338361975539	3.76991118431	3.67977263735	-1.55143480809
0.866658	0.3942785	-0.337715460488	-0.15530588388	3.89208423195	3.66522808147	-0.412099870901
0.899991	0.3815875	-0.335000016667	0.179721302741	4.01425727959	3.66522808147	0.412099870892
0.933324	0.371469	-0.318135681357	0.327643011161	4.13643032723	3.67977263735	1.55143480809
0.966657	0.360836	-0.310132267989	0.391599498617	4.25860337487	3.73795086086	3.32104013607
0.99999	0.350546	-0.295125867925	0.534042625244	4.38077642251	3.92703008729	4.08463695568
1.033323	0.3411135	-0.276975269753	0.763428462937	4.52040276267	4.10156475783	2.24230812107
1.066656	0.3318525	-0.248963322967	1.12072727554	4.66002910282	4.11610931371	-0.751476235173
1.099989	0.323792	-0.200085334187	1.40978201494	4.79965544298	3.9852083108	-2.08474052338
1.133322	0.3184755	-0.147634393011	1.49219894105	4.92182849062	3.92703008729	-1.78172591241
1.166655	0.314188	-0.0997568309016	1.52209294171	5.06145483078	3.88339641965	-1.50295247034
1.199988	0.3116155	-0.0470200535339	1.55889471941	5.18362787842	3.7815845285	-3.14196257931E-13
1.233321	0.311101	0.00485921525882	1.58247644104	5.30580092606	3.88339641965	1.52719363922
1.266654	0.3119585	0.0571672383391	1.63619036253	5.44542726622	3.92703008729	1.963534679
1.299987	0.3147025	0.11462031287	1.66703716002	5.56760031386	3.9852083108	3.01802552511
1.33332	0.319676	0.170501288346	1.63833415541	5.70722665402	4.14519842547	3.49072831819
1.366653	0.326193	0.223238065714	1.61296593971	5.84685299418	4.23246576074	3.50284890263
1.399986	0.334425	0.278261532615	1.57449676756	5.98647933434	4.39245587541	3.10286961619
1.433319	0.3448865	0.329997883312	1.46706892457	6.14355896702	4.45063409893	2.39987571878
1.466652	0.3565485	0.376732100654	1.28591842657	6.28318530718	4.50881232244	2.77561383635
1.499985	0.369754	0.424466744667	0.83917581121	6.44026493986	4.65425788123	2.75137266748
1.533318	0.385875	0.441045243786	0.159712569235	6.59734457254	4.71243610475	2.23018753664
1.566651	0.4001095	0.427753860872	-0.347413545458	6.75442420522	4.77061432826	2.25442870552
1.599984	0.4141725	0.413176215095	-0.723768294738	6.9115038379	4.90151533117	1.17569669051
1.633317	0.428064	0.38273466068	-1.13430463042	7.0860367631	4.90151533117	-1.18781727495
1.66665	0.4402405	0.335857525242	-1.44932308354	7.24311639578	4.77061432826	-2.32715221215
1.699983	0.4508735	0.276689433561	-1.4794552834	7.40019602846	4.71243610475	-2.55744331647
1.733316	0.458248	0.228954789548	-1.25971651365	7.55727566114	4.63971332535	-3.40588422714
1.766649	0.4656225	0.195654873215	-1.09357256579	7.71435529381	4.46517865481	-3.51496948708
1.799982	0.4714535	0.161211612116	-1.08285360141	7.85398163397	4.31973309602	-1.50295247034
1.833315	0.476427	0.124338743387	-1.1421652043	7.99360797413	4.39245587541	-0.0484823377597
1.866648	0.479514	0.0903242365757	-1.33570206113	8.15068760681	4.39245587541	-0.460582208663
1.899981	0.483287	0.0350149334827	-1.49755842324	8.29031394697	4.30518854014	0.327255779824
1.933314	0.481915	-0.0217235505688	-1.33820315282	8.42994028713	4.40700043129	1.17569669051
1.966647	0.480886	-0.0544517945179	-1.15836275047	8.58701991981	4.43608954305	0.739355650742
1.99998	0.478485	-0.0910388270549	-1.16455592989	8.72664625997	4.45063409893	0.339376364277
2.033313	0.475055	-0.132199238659	-1.16741432039	8.88372589265	4.45063409893	0.0606029221939
2.066646	0.4697385	-0.174217158838	-1.03795305062	9.02335223281	4.45063409893	-0.0727235066285
2.099979	0.46305	-0.205230385637	-0.815236790765	9.18043186549	4.45063409893	-0.424220455337
2.133312	0.455504	-0.22166596666	-0.77057443919	9.32005820565	4.43608954305	-1.16357610607
2.166645	0.4488155	-0.250821258213	-0.876453987325	9.47713783833	4.39245587541	-2.33927279657
2.199978	0.43904	-0.286407864079	-0.821072671371	9.61676417849	4.24701031662	-2.67864916085
2.233311	0.4292645	-0.309989349894	-0.631823400294	9.75639051865	4.18883209311	-2.30291104327
2.266644	0.4182885	-0.328997456641	-0.411608232123	9.89601685881	4.13065386959	-2.66652857641
2.299977	0.4069695	-0.336000443338	-0.238199208405	10.035643199	3.9852083108	-2.26654928994
2.33331	0.395822	-0.341002576692	-0.169240537572	10.1578162466	3.94157464317	-0.824199741797
2.366643	0.3843315	-0.346862218622	-0.0905156991938	10.2974425868	3.94157464317	0.315135195392
2.399976	0.372841	-0.353579369127	0.176743812636	10.4196156344	3.97066375492	1.09085259944
2.433309	0.36015	-0.341574249076	0.625272922063	10.5592419746	4.07247564608	0.315135195399
2.466642	0.3493455	-0.30770266036	0.980070642982	10.6988683147	3.9852083108	-0.460582208657
2.499975	0.3397415	-0.271401464015	1.19683192263	10.8210413624	3.9852083108	-0.0606029221983
2.533308	0.3311665	-0.229955216219	1.41264040544	10.9606677025	4.0579310902	-1.57567597697
2.566641	0.323792	-0.173216732167	1.48636306045	11.1002940427	3.91248553141	-3.84222526691
2.599974	0.3198475	-0.12219497195	1.32176740744	11.2224670903	3.72340630498	-4.0603957868
2.633307	0.316246	-0.0866083660837	1.17110640812	11.344640138	3.62159441383	-3.32104013607
2.66664	0.313845	-0.0483063163965	1.13204173794	11.4668131856	3.47614885504	-1.5877965614
2.699973	0.3129875	-0.00971843051764	1.10750721948	11.5715329407	3.47614885504	1.09085259944
2.733306	0.3136735	0.0198656153228	1.25209413898	11.6937059884	3.60704985795	2.24230812107
2.766639	0.3136735	0.0670285869525	1.55472623326	11.815879036	3.66522808147	2.21806695219
2.799972	0.3174465	0.132342156755	1.62035011517	11.9380520836	3.72340630498	2.65440799197
2.833305	0.323106	0.183220998877	1.45646905979	12.0602251313	3.86885186377	2.26654928994
2.866638	0.329966	0.226239345727	1.32653139161	12.1998514714	3.91248553141	0.824199741795
2.899971	0.3380265	0.26982936496	1.20612169176	12.3220245191	3.91248553141	-0.31513519539
2.933304	0.347802	0.314133974673	0.886339254474	12.4616508592	3.88339641965	-1.09085259944
2.966637	0.359807	0.333999589996	0.435189953756	12.5838239069	3.7815845285	-0.303014610958
2.99997	0.3706115	0.336286279529	0.173289924114	12.7059969545	3.86885186377	0.545426299722
3.033303	0.382102	0.339144641446	0.112072727554	12.8456232947	3.86885186377	0.484823377528
3.066636	0.3932495	0.341145494788	0.145420616731	12.9677963423	3.81067364026	2.73925208303
3.099969	0.4045685	0.350435171018	0.129103970955	13.08996939	3.99975286668	6.19361864793
3.133302	0.416745	0.355580222469	-0.078843937982	13.2295957301	4.3342776519	6.83600962316
3.166635	0.4285785	0.34900599006	-0.423637292148	13.3866753628	4.49426776656	6.13301572574
3.199968	0.4402405	0.331712900462	-0.872642799991	13.526301703	4.71243610475	5.84212169922
3.233301	0.451731	0.285693273599	-1.16431773068	13.7008346282	4.91605988705	4.64218383984
3.266634	0.4591055	0.241817418174	-1.11917898069	13.8579142608	5.0178717782	3.33316072051
3.299967	0.467166	0.214377143771	-1.13549562647	14.032447186	5.16331733699	1.10297318387
3.3333	0.474026	0.171358796921	-1.29675649056	14.2069801112	5.14877278111	-2.58168448535
3.366633	0.478485	0.128912122455	-1.51494696545	14.3815130364	4.95969355469	-5.22397189287
3.399966	0.482944	0.0736028193615	-1.7941164377	14.5385926691	4.72698066062	-5.57546884157
3.433299	0.483973	0.00343003430034	-1.86140771408	14.6956723018	4.52335687832	-3.83010468247
3.466632	0.4831155	-0.0634556345563	-1.55532173128	14.835298642	4.46517865481	-1.75748474354
3.499965	0.478828	-0.104758964256	-1.10631622344	14.9923782746	4.45063409893	-1.03024967725
3.533298	0.4755695	-0.127768777688	-0.895509923998	15.1320046148	4.43608954305	-1.66052006804
3.566631	0.4707675	-0.159639513062	-0.835721922688	15.2890842475	4.37791131953	-3.33316072051
3.599964	0.464765	-0.185936442698	-0.753066797372	15.4287105876	4.18883209311	-4.07251637125
3.633297	0.458248	-0.209803764704	-0.697328182605	15.5683369278	4.01429742256	-2.18170519888
3.66663	0.4505305	-0.227668526685	-0.769978941169	15.6905099754	3.99975286668	1.00600850838
3.699963	0.443499	-0.257252572526	-0.938504881115	15.8301363156	4.14519842547	2.39987571877
3.733296	0.4337235	-0.296126294596	-0.93469369378	15.9697626557	4.21792120487	1.80596708129
3.766629	0.4234335	-0.325996176628	-0.730556972178	16.1093889959	4.31973309602	-0.39997928647
3.799962	0.4117715	-0.347433891006	-0.434356256526	16.2664686286	4.18883209311	-2.54532273203
3.833295	0.3997665	-0.353436451031	-0.167930441925	16.3886416762	4.04338653432	-1.86657000348
3.866628	0.3881045	-0.354008123415	-0.0116717612118	16.5282680164	4.08702020196	-1.47871130145
3.899961	0.3764425	-0.357866912002	0.230100435319	16.6678943565	3.97066375493	-1.50295247034
3.933294	0.36358	-0.342860511938	0.567033215608	16.7900674042	3.94157464317	-0.327255779841
3.966627	0.3531185	-0.313848138481	0.750803904892	16.9296937443	3.94157464317	1.12721435275
3.99996	0.343	-0.290409570762	0.874071995241	17.051866792	3.99975286668	2.8240961741
4.033293	0.3335675	-0.259968016347	1.10393423135	17.1914931321	4.17428753723	2.89681968073
4.066626	0.3253355	-0.218807604743	1.38465199846	17.3311194723	4.30518854014	-0.16968818214
4.099959	0.318647	-0.166070827375	1.60748735792	17.488199105	4.17428753723	-3.78162234472
4.133292	0.3140165	-0.105902309023	1.64845762177	17.6103721526	3.97066375492	-5.19973072399
4.166625	0.311787	-0.0508788421218	1.52137834408	17.7499984928	3.82521819614	-5.98756871247
4.199958	0.3109295	-0.00485921525882	1.38107901033	17.8721715404	3.51978252268	-5.00580137298
4.233291	0.311444	0.0395883125498	1.28210723924	17.9768912955	3.43251518741	-2.38775513433
4.266624	0.3136735	0.0804628879622	1.20219140482	18.0990643432	3.40342607565	-0.763596819609
4.299957	0.316932	0.117907429074	1.17956248002	18.2037840983	3.40342607565	0.351496948707
4.33329	0.321391	0.158353250199	1.18968594638	18.3259571459	3.41797063153	1.63627889916
4.366623	0.327565	0.19722697227	1.21922264822	18.4306769011	3.47614885504	3.83010468247
4.399956	0.3345965	0.236672366724	1.31593152683	18.5528499487	3.67977263735	5.66031293265
4.433289	0.343	0.284692846928	1.38179360796	18.6750229963	3.91248553141	5.67243351709
4.466622	0.35329	0.338287132871	1.1703918105	18.8146493365	4.11610931371	3.92706935799
4.499955	0.366324	0.37001495015	0.737941147638	18.9542756767	4.17428753723	2.16958461444
4.533288	0.3785005	0.383592169255	0.378974940572	19.0939020168	4.20337664899	2.09686110781
4.566621	0.3918775	0.393024763581	0.078248439961	19.233528357	4.2615548725	3.50284890264
4.599954	0.405083	0.389451811185	-0.234030722258	19.3731546971	4.45063409893	4.52097799546
4.633287	0.4179455	0.378875872092	-0.57560838711	19.5302343298	4.63971332535	3.40588422714
4.66662	0.430808	0.352864778648	-0.935765590218	19.6873139625	4.69789154887	1.56355539252
4.699953	0.442127	0.308703087031	-1.07856601566	19.8443935952	4.71243610475	0.424220455333
4.733286	0.4508735	0.275117334507	-1.05748538571	20.0014732279	4.71243610475	-0.327255779833
4.766619	0.460306	0.244675780091	-1.17837148398	20.1585528605	4.69789154887	-1.13933493719
4.799952	0.467852	0.197512808461	-1.32152920823	20.3156324932	4.65425788123	-2.2544287055
4.833285	0.47334	0.152207772078	-1.35487709741	20.4727121259	4.50881232244	-2.26654928994
4.866618	0.4779705	0.106759817598	-1.3576163883	20.6123384661	4.46517865481	-1.22417902826
4.899951	0.480543	0.0601685183519	-1.31009564623	20.7694180987	4.45063409893	-0.763596819613
4.933284	0.4817435	0.0195797791311	-1.26650519109	20.9090444389	4.43608954305	-0.824199741809
4.966617	0.481915	-0.0222952229522	-1.2696017808	21.0661240716	4.40700043129	-1.18781727495
4.99995	0.4803715	-0.0664569145691	-1.23804038568	21.2057504117	4.30518854014	-0.339376364262
5.033283	0.4772845	-0.105759390927	-1.17372659941	21.3453767519	4.39245587541	0.363617533158
5.066616	0.47334	-0.144633112998	-1.08761758558	21.5024563846	4.39245587541	-0.460582208645
5.099949	0.4676805	-0.181648899822	-0.914208561858	21.6420827247	4.30518854014	-0.0848440910648
5.133282	0.4608205	-0.207231238979	-0.721029003841	21.7817090649	4.39245587541	0.0121205844382
5.166615	0.453446	-0.222094720947	-0.73460635872	21.9387886976	4.37791131953	-1.59991714584
5.199948	0.446586	-0.251107094404	-0.881813469515	22.0784150377	4.24701031662	-2.33927279658
5.233281	0.436982	-0.287551208845	-0.84882287915	22.2180413779	4.18883209311	-2.24230812108
5.266614	0.427035	-0.31356230229	-0.636349185253	22.357667718	4.13065386959	-2.75137266748
5.299947	0.4158875	-0.331712900462	-0.36504028688	22.4972940582	3.9852083108	-2.75137266747
5.33328	0.404397	-0.334857098571	-0.173528123323	22.6194671058	3.92703008729	-2.21806695219
5.366613	0.3935925	-0.337000870009	-0.134701652353	22.759093446	3.86885186377	-2.18170519888
5.399946	0.382445	-0.349148908156	0.0364444788859	22.8812664936	3.73795086086	-0.836320326233
5.433279	0.3695825	-0.34143133098	0.378498542155	23.0034395413	3.75249541674	1.9029317568
5.466612	0.359121	-0.317421090878	0.570129805317	23.1256125889	3.91248553141	3.3331607205
5.499945	0.348831	-0.300413837472	0.689586708332	23.2652389291	4.07247564608	2.04837877006
5.533278	0.338884	-0.275974843082	0.921116338901	23.4048652692	4.02884197844	0.690873312983
5.566611	0.3301375	-0.241531581982	1.22077094307	23.5270383169	4.11610931371	-0.872682079556
5.599944	0.32242	-0.194368610353	1.49743932364	23.6841179496	4.0579310902	-4.59370150208
5.633277	0.3167605	-0.135200518672	1.57068558022	23.8062909972	3.75249541674	-6.71480377876
5.66661	0.3136735	-0.0826066593999	1.42764695557	23.9284640448	3.56341619032	-7.0420595586
5.699943	0.3116155	-0.0405887392207	1.27460396417	24.0506370925	3.2288914051	-5.27245423063
5.733276	0.3109295	0.000142918095847	1.18861404994	24.1379035551	3.08344584631	-0.0363617533189
5.766609	0.311787	0.036587032537	1.18575565944	24.2426233102	3.3016141845	3.40588422714
5.799942	0.3133305	0.07503200032	1.30497436325	24.3647963578	3.40342607565	4.35128981332
5.833275	0.3164175	0.123624152908	1.42538406309	24.469516113	3.53432707856	5.98756871248
5.866608	0.3215625	0.173645486455	1.44336810333	24.5916891606	3.85430730789	5.86636286809
5.899941	0.3280795	0.221523048564	1.39501366402	24.7313155008	4.04338653432	2.83621675854
5.933274	0.3363115	0.268257265906	1.29854298462	24.8709418409	3.9852083108	1.32114370377
5.966607	0.3462585	0.307845578456	1.19861841669	24.9931148886	4.01429742256	2.86045792743
5.99994	0.3568915	0.34486136528	1.14299890153	25.1327412287	4.18883209311	4.27856630669
6.033273	0.368725	0.391309746431	0.87061810672	25.2723675689	4.37791131953	3.74526059141
6.066606	0.383817	0.413176215095	0.314661154303	25.4294472016	4.45063409893	2.63016682309
6.099939	0.397194	0.40717365507	-0.142204927418	25.5690735417	4.50881232244	2.33927279657
6.133272	0.4107425	0.400170668373	-0.517130481447	25.7261531744	4.63971332535	1.18781727494
6.166605	0.424291	0.376732100654	-0.957203518975	25.8832328071	4.63971332535	-1.16357610607
6.199938	0.4364675	0.335000016667	-1.31081024385	26.0403124398	4.50881232244	-2.16958461444
6.233271	0.4471005	0.279261959286	-1.35737818909	26.1799387799	4.45063409893	-1.8059670813
6.266604	0.4546465	0.234814431478	-1.10619712383	26.3370184126	4.40700043129	-1.59991714585
6.299937	0.4621925	0.207517075171	-0.890269541413	26.4766447528	4.30518854014	-0.509064546397
6.33327	0.468538	0.180648473151	-0.841081404877	26.6162710929	4.39245587541	-0.0606029221791
6.366603	0.474026	0.158067414007	-1.00424786263	26.7733507256	4.37791131953	-1.52719363921
6.399936	0.4796855	0.117764510978	-1.28758582103	26.9129770658	4.24701031662	-1.92717292567
6.433269	0.482258	0.0661710783775	-1.41359320228	27.0526034059	4.20337664899	-1.16357610607
6.466602	0.4838015	0.019722697227	-1.41287860465	27.1922297461	4.18883209311	-0.836320326248
6.499935	0.48363	-0.0277261105944	-1.36964544833	27.3318560862	4.17428753723	-1.2362996127
6.533268	0.4820865	-0.0758895088951	-1.19290163569	27.4714824264	4.13065386959	-2.2544287055
6.566601	0.478142	-0.111333196665	-0.910754673336	27.6111087666	3.9852083108	-2.18170519887
6.599934	0.4741975	-0.132770911042	-0.732462565845	27.7332818142	3.94157464317	-0.812079157364
6.633267	0.4693955	-0.155351970186	-0.691492301999	27.8729081543	3.94157464317	0.315135195388
6.6666	0.4639075	-0.178361783618	-0.687681114665	27.995081202	3.97066375492	1.10297318388
6.699933	0.457562	-0.203086614199	-0.662908396991	28.1347075421	4.07247564608	0.399979286466
6.733266	0.450016	-0.220093867605	-0.711143736693	28.2743338823	3.9852083108	-0.0363617533196
6.766599	0.443156	-0.244961616283	-0.890984139038	28.3965069299	3.99975286668	1.11509376831
6.799932	0.434238	-0.283835338353	-0.946841853409	28.5361332701	4.11610931371	0.848440910679
6.833265	0.423948	-0.315420237536	-0.803445929949	28.6757596103	4.11610931371	-0.751476235163
6.866598	0.4128005	-0.336857951913	-0.636587384462	28.8153859504	3.99975286668	-0.690873312982
6.899931	0.4014815	-0.35486563199	-0.502719429338	28.9375589981	3.99975286668	1.18781727494
6.933264	0.3894765	-0.377303773038	-0.179840402346	29.0771853382	4.13065386959	1.85444941905
6.966597	0.3754135	-0.37344498445	0.313589257865	29.2168116784	4.17428753723	1.15145552164
6.99993	0.363923	-0.34900599006	0.621342635124	29.3564380185	4.18883209311	0.836320326242
7.033263	0.3524325	-0.327568275683	0.79665725251	29.4960643587	4.20337664899	1.2362996127
7.066596	0.3417995	-0.297126721267	0.984477328337	29.6356906989	4.24701031662	2.2544287055
7.099929	0.3325385	-0.262683460168	1.20147680719	29.775317039	4.39245587541	2.16958461443
7.133262	0.324135	-0.220522621893	1.51137397733	29.9323966717	4.43608954305	0.715114481846
7.166595	0.317275	-0.161497448308	1.79352093968	30.0720230119	4.43608954305	-0.812079157352
7.199928	0.313159	-0.0948976156428	1.89332640801	30.2291026445	4.39245587541	-2.59380506976
7.233261	0.311101	-0.0312990629906	1.8506887497	30.3687289847	4.23246576074	-3.40588422713
7.266594	0.311101	0.0302986363197	1.72968355183	30.5083553249	4.14519842547	-3.49072831821
7.299927	0.3133305	0.0850362670293	1.56794628932	30.647981665	3.9852083108	-3.10286961619
7.33326	0.316932	0.133914255809	1.42097737774	30.7701547127	3.92703008729	-2.3756345499
7.366593	0.3222485	0.180648473151	1.25459523067	30.9097810528	3.86885186377	-2.59380506977
7.399926	0.32928	0.218235932359	1.08166260537	31.0319541005	3.72340630498	-1.83020825017
7.433259	0.3369975	0.24953499535	0.997101886382	31.1541271481	3.69431719323	0.412099870896
7.466592	0.345744	0.283406584066	0.962801200372	31.2763001957	3.73795086086	2.9816637718
7.499925	0.356034	0.314562728961	0.909206378481	31.3984732434	3.92703008729	4.42401331994
7.533258	0.3668385	0.342145921459	0.8615665368	31.5380995835	4.11610931371	3.3937636427
7.566591	0.378329	0.379018790188	0.596212618637	31.6777259237	4.17428753723	1.57567597698
7.599924	0.3929065	0.392167255006	0.0466870448473	31.8173522639	4.18883209311	0.521185130854
7.633257	0.405426	0.377017936846	-0.400055570516	31.956978604	4.18883209311	0.181808766577
7.66659	0.417774	0.361296946303	-0.720195306612	32.0966049442	4.18883209311	0.436341039771
7.699923	0.4299505	0.331141228079	-1.01973081118	32.2362312843	4.20337664899	1.15145552162
7.733256	0.4405835	0.283549502162	-1.03140257239	32.3758576245	4.24701031662	2.23018753662
7.766589	0.4481295	0.253536702034	-0.816546886412	32.5154839647	4.39245587541	2.08474052338
7.799922	0.456876	0.238673220066	-0.843106098149	32.6725635973	4.43608954305	0.290894026529
7.833255	0.464765	0.205659139925	-1.09571635866	32.8121899375	4.42154498717	-1.97565526342
7.866588	0.470939	0.1617832845	-1.2612648085	32.9692695702	4.3342776519	-4.92095728191
7.899921	0.4755695	0.115620739541	-1.25030764492	33.1088959103	4.02884197844	-5.97544812804
7.933254	0.478485	0.0744603279366	-1.10595892462	33.231068958	3.88339641965	-5.199730724
7.966587	0.4802	0.0430183468501	-0.976140356043	33.3706952981	3.67977263735	-3.78162234473
7.99992	0.4814005	0.012148038147	-0.922902832964	33.4754150533	3.54887163444	-0.157567597703
8.033253	0.4810575	-0.0191510248436	-0.877525883763	33.5975881009	3.67977263735	2.99378435624
8.066586	0.479857	-0.0444475278086	-0.896462720831	33.7197611485	3.85430730789	3.32104013607
8.099919	0.4783135	-0.0756036727034	-1.00400966343	33.8593874887	3.92703008729	2.63016682309
8.133252	0.475055	-0.113334050007	-1.0655841588	33.9815605363	3.9852083108	2.76349325191
8.166585	0.470596	-0.148206065394	-1.07511212713	34.1211868765	4.13065386959	2.43623747209
8.199918	0.4652795	-0.18550768841	-1.0456945249	34.2608132166	4.17428753723	1.58779656142
8.233251	0.458248	-0.221237212372	-0.93183530328	34.4004395568	4.20337664899	1.57567597697
8.266584	0.4501875	-0.248105814391	-0.829409643665	34.540065897	4.24701031662	2.33927279657
8.299917	0.441441	-0.268828938289	-0.938147582302	34.6796922371	4.39245587541	2.26654928994
8.33325	0.432866	-0.306273479401	-1.14573819243	34.8367718698	4.43608954305	1.15145552162
8.366583	0.4213755	-0.352864778648	-1.10941281315	34.97639821	4.45063409893	0.448461624206
8.399916	0.409199	-0.392881845485	-0.698280979439	35.1334778426	4.45063409893	0.2545322732
8.433249	0.3942785	-0.40545863792	-0.108618839033	35.2731041828	4.45063409893	0.872682079555
8.466582	0.3812445	-0.390023483568	0.220096068566	35.4301838155	4.47972321068	2.41199630321
8.499915	0.368725	-0.382162988297	0.311088166177	35.5698101556	4.56699054596	5.1027660485
8.533248	0.3558625	-0.374445411121	0.531541533555	35.7268897883	4.87242621941	6.48451267445
8.566581	0.343343	-0.353722287223	0.976259455647	35.9014227135	5.03241633408	6.65420085657
8.599914	0.3318525	-0.314991483248	1.61010754921	36.0585023462	5.2942183399	6.49663325888
8.633247	0.3215625	-0.248677486775	2.28361581098	36.2504885639	5.59965401335	2.16958461444
8.66658	0.3143595	-0.154065707324	2.66830753255	36.4424747816	5.5705649016	-5.63607176377
8.699913	0.3112725	-0.0565955659557	2.60101625618	36.6344609994	5.16331733699	-11.5024346319
8.733246	0.311101	0.0261540115401	2.27325414541	36.791540632	4.59607965771	-11.2357817742
8.766579	0.3133305	0.0960409604096	1.87581876619	36.9311669722	4.29064398426	-7.0420595586
8.799912	0.317961	0.15006400064	1.50708639158	37.0707933124	4.18883209311	-4.16948104675
8.833245	0.3236205	0.19308234749	1.23780218648	37.2104196525	4.11610931371	-4.10887812456
8.866578	0.3308235	0.23267066004	0.991027806568	37.3500459927	3.92703008729	-4.63006325541
8.899911	0.33957	0.258967589676	0.782127100797	37.4722190403	3.73795086086	-3.41800481158
8.933244	0.3483165	0.279261959286	0.724125593551	37.594392088	3.67977263735	-1.56355539253
8.966577	0.3579205	0.304701380347	0.719242509778	37.7165651356	3.66522808147	-0.42422045533
8.99991	0.368382	0.334428344283	0.523800059282	37.8387381832	3.66522808147	0.315135195395
9.033243	0.3809015	0.345147201472	0.175552816594	37.9609112309	3.67977263735	1.05449084612
9.066576	0.3918775	0.340716740501	-0.0507364313902	38.0830842785	3.72340630498	1.83020825017
9.099909	0.403368	0.339144641446	-0.211878195876	38.2052573262	3.85430730789	1.09085259944
9.133242	0.414687	0.329997883312	-0.454960488053	38.3448836663	3.85430730789	-1.18781727495
9.166575	0.425663	0.31113269466	-0.764619458979	38.467056714	3.72340630498	-2.24230812107
9.199908	0.4357815	0.278690286903	-1.04617092331	38.5892297616	3.66522808147	-2.13322286112
9.233241	0.444528	0.237386957203	-1.16384133227	38.7114028092	3.60704985795	-2.24230812106
9.266574	0.4519025	0.190223985573	-0.95565522412	38.8335758569	3.47614885504	-1.1756966905
9.299907	0.4563615	0.166785417854	-0.555242354792	38.938295612	3.47614885504	1.17569669051
9.33324	0.462364	0.162640793075	-0.409464439248	39.0604686596	3.60704985795	2.24230812107
9.366573	0.4676805	0.147920229202	-0.526777549387	39.1826417073	3.66522808147	2.13322286112
9.399906	0.472311	0.12905504055	-0.726983984051	39.3048147549	3.72340630498	2.24230812107
9.433239	0.4765985	0.0993280766141	-0.922902832964	39.4269878026	3.85430730789	1.19993785938
9.466572	0.479171	0.0627410440771	-0.976497654855	39.5666141427	3.85430730789	-1.00600850838
9.499905	0.480543	0.0314419810865	-0.941244172011	39.6887871904	3.72340630498	-1.40598779483
9.533238	0.481229	0.00142918095848	-0.930167908821	39.810960238	3.69431719323	0.0969646755082
9.566571	0.4807145	-0.030012800128	-0.937671183885	39.9331332856	3.72340630498	1.91505234124
9.599904	0.479171	-0.0605972726394	-0.96161020433	40.0553063333	3.86885186377	2.49684039427
9.633237	0.47677	-0.093754270876	-0.987812117255	40.1949326734	3.92703008729	1.78172591241
9.66657	0.472997	-0.128626286263	-0.946722753805	40.3171057211	3.97066375492	1.10297318388
9.699903	0.4680235	-0.158639086391	-0.842272400919	40.4567320612	4.0579310902	-1.06661143056
9.733236	0.462364	-0.185793524602	-0.690896803978	40.5963584014	3.91248553141	-3.34528130495
9.766569	0.455504	-0.2065166485	-0.498550943191	40.718531449	3.73795086086	-2.96954318737
9.799902	0.448301	-0.218521768551	-0.355274119336	40.8407044967	3.67977263735	-1.40598779484
9.833235	0.4405835	-0.222237639043	-0.446385316551	40.9628775443	3.66522808147	-0.0848440910631
9.866568	0.4340665	-0.241531581982	-0.731628868615	41.0850505919	3.67977263735	0.981767339505
9.899901	0.424977	-0.276260679273	-0.876334887721	41.2072236396	3.72340630499	1.91505234124
9.933234	0.415373	-0.305130134635	-0.835841022292	41.3293966872	3.85430730789	1.61203773028
9.966567	0.4049115	-0.338430050967	-0.581325168112	41.4690230274	3.86885186377	0.472702793083
9.9999	0.392049	-0.349148908156	-0.177220211053	41.591196075	3.79612908438	1.5877965614
10.033233	0.381073	-0.342860511938	0.0397792678036	41.7133691227	3.94157464317	3.55133124039
10.066566	0.3695825	-0.34314634813	0.159593469631	41.8529954628	4.11610931371	3.61193416258
10.099899	0.3579205	-0.335000016667	0.343840557332	41.992621803	4.18883209311	3.67253708478
10.133232	0.347116	-0.321708633753	0.596212618637	42.1322481431	4.27609942838	5.96332754361
10.166565	0.3363115	-0.299985083184	1.01139383889	42.2718744833	4.5379014342	9.38133235518
10.199898	0.326536	-0.258110081101	1.55222514157	42.428954116	4.97423811056	10.2297732659
10.233231	0.318647	-0.197655726557	2.11187418172	42.6034870412	5.38148567517	5.91484520585
10.266564	0.3126445	-0.113905722391	2.52372061305	42.7954732589	5.51238667808	-2.48471980984
10.299897	0.3105865	-0.0167214172142	2.53777436634	42.9874594766	5.16331733699	-9.17528241973
10.33323	0.31213	0.0648848155148	2.23704786573	43.1445391093	4.65425788123	-8.87226780877
10.366563	0.3153885	0.131055893892	1.91702722924	43.2841654495	4.47972321068	-5.35729832169
10.399896	0.3208765	0.191939002723	1.60748735792	43.4412450821	4.39245587541	-3.76950176028
10.433229	0.328594	0.239244892449	1.29056331114	43.5808714223	4.24701031662	-2.94530201848
10.466562	0.337169	0.275117334507	1.06224936988	43.7204977625	4.18883209311	-2.24230812107
10.499895	0.3469445	0.307845578456	0.915875956316	43.8601241026	4.13065386959	-2.15746403001
10.533228	0.3579205	0.334571262379	0.823216464247	43.9997504428	3.99975286668	-0.678752728546
10.566561	0.3692395	0.360439437728	0.766882351459	44.1219234904	4.01429742256	2.66652857641
10.599894	0.3815875	0.392310173102	0.521418067198	44.2615498306	4.20337664899	5.23609247731
10.633227	0.396165	0.402171521715	0.0795585356072	44.4011761707	4.43608954305	5.58758942602
10.66656	0.4090275	0.392738927389	-0.276668380562	44.5582558034	4.63971332535	3.89070760466
10.699893	0.4220615	0.383449251159	-0.630156005835	44.7153354361	4.69789154887	1.97565526343
10.733226	0.4350955	0.357152321523	-1.10333873333	44.8724150688	4.72698066062	1.078732015
10.766559	0.446929	0.302414690814	-1.35833098593	45.0294947015	4.75606977238	0.351496948708
10.799892	0.454818	0.255680473471	-1.30842825177	45.1865743341	4.82879255178	-2.29079045882
10.833225	0.4635645	0.218664686647	-1.30271147077	45.3611072593	4.63971332535	-5.59971001045
10.866558	0.46991	0.17035837025	-1.320695511	45.5007335995	4.31973309602	-5.1391278018
10.899891	0.474712	0.127482941496	-1.26841078476	45.6403599397	4.21792120487	-2.14534344556
10.933224	0.4783135	0.0866083660837	-1.23303820231	45.7799862798	4.20337664899	0.557546884156
10.966557	0.480543	0.0454479544795	-1.2017150064	45.91961262	4.2615548725	2.72713149859
10.99989	0.481229	0.00700298669653	-1.19087694242	46.0592389601	4.43608954305	2.99378435623
11.033223	0.4810575	-0.0325853258533	-1.21624515811	46.2163185928	4.56699054596	0.424220455325
11.066556	0.479171	-0.07503200032	-1.22065184347	46.3733982255	4.45063409893	-1.76960532798
11.099889	0.4759125	-0.114334476678	-1.21040927751	46.5130245656	4.31973309602	-0.55754688415
11.133222	0.471625	-0.155209052091	-1.20040491076	46.6526509058	4.40700043129	1.18781727496
11.166555	0.4656225	-0.196941136078	-1.11322400048	46.8097305385	4.45063409893	1.73324357467
11.199888	0.458248	-0.230812724794	-0.992337902214	46.9493568786	4.50881232244	2.24230812107
11.233221	0.4501875	-0.26225470588	-0.921473637714	47.1064365113	4.63971332535	1.57567597697
11.266554	0.440412	-0.28669370027	-1.00377146422	47.263516144	4.65425788123	-0.0969646755055
11.299887	0.431494	-0.32285197852	-1.2044542973	47.4205957767	4.56699054596	-0.327255779831
11.33322	0.419832	-0.380305053051	-1.01425222939	47.5602221168	4.63971332535	-0.60602922191
11.366553	0.405083	-0.407602409357	-0.354321322502	47.734755042	4.59607965771	-2.19382578331
11.399886	0.391363	-0.397598142648	0.166382147071	47.8743813822	4.37791131953	-0.751476235168
11.433219	0.378672	-0.383878005447	0.343602358124	48.0140077224	4.47972321068	2.38775513433
11.466552	0.365981	-0.373159148258	0.437095547423	48.171087355	4.63971332535	3.16347253837
11.499885	0.353633	-0.358152748194	0.626821216917	48.3281669877	4.71243610475	3.3937636427
11.533218	0.341971	-0.336286279529	0.993290699048	48.4852466204	4.79970344002	4.9451984508
11.566551	0.3308235	-0.298555902226	1.56115761188	48.6423262531	5.03241633408	6.33906566119
11.599884	0.3212195	-0.233242332423	2.15046245348	48.8168591783	5.35239656341	3.9997928646
11.633217	0.3147025	-0.148063147298	2.51859933007	49.008845396	5.39603023105	-1.18781727494
11.66655	0.3112725	-0.0574530745307	2.61375991383	49.1833783212	5.22149556051	-5.15124838623
11.699883	0.3109295	0.0314419810865	2.49549400685	49.3579112464	4.97423811057	-6.64208027214
11.733216	0.313502	0.113905722391	2.19810229516	49.5149908791	4.72698066062	-6.14513631018
11.766549	0.31899	0.180934309343	1.80281070881	49.6720705118	4.52335687832	-4.33916922888
11.799882	0.3260215	0.232098987657	1.45718365742	49.8116968519	4.45063409893	-2.81197558967
11.833215	0.3345965	0.275546088794	1.20755088701	49.9687764846	4.39245587541	-2.67864916085
11.866548	0.344715	0.309846431798	1.05855728215	50.1084028248	4.24701031662	-1.83020825017
11.899881	0.355348	0.340716740501	1.04259793519	50.2480291649	4.21792120486	0.509064546412
11.933214	0.3668385	0.383878005447	0.904799693126	50.3876555051	4.2615548725	3.49072831821
11.966547	0.3815875	0.409317426508	0.543689693184	50.5272818452	4.46517865481	6.02393046579
11.99988	0.394793	0.415605822725	0.251181065263	50.6843614779	4.71243610475	6.96933605197
12.033213	0.408856	0.426610516105	-0.0842034201711	50.8414411106	4.95969355469	6.89661254535
12.066546	0.4237765	0.419035857025	-0.643018763089	51.0159740358	5.19240644875	5.95120695917
12.099879	0.4378395	0.38101964353	-1.13871131578	51.190506961	5.33785200754	4.83611319085
12.133212	0.4491585	0.336857951913	-1.46028024713	51.3650398862	5.59965401336	1.23629961269
12.166545	0.4604775	0.284264092641	-1.73992611779	51.5744793964	5.54147578984	-5.09064546406
12.199878	0.4687095	0.21580632473	-1.84568656632	51.7490123216	5.10513911347	-7.00569780529
12.233211	0.4745405	0.154780297803	-1.75898205447	51.9060919543	4.87242621941	-3.30891955163
12.266544	0.478828	0.0993280766141	-1.66429786912	52.063171587	4.93060444293	-0.315135195389
12.299877	0.481229	0.0441616916169	-1.57116197864	52.2377045122	4.95969355469	-0.375738117573
12.33321	0.481572	-0.00528796954636	-1.48612486124	52.3947841449	4.94514899881	-1.9998964323
12.366543	0.480886	-0.0540230402304	-1.42252567259	52.5693170701	4.85788166353	-4.42401331995
12.399876	0.4779705	-0.101614766148	-1.32117190942	52.7263967027	4.56699054596	-4.42401331996
12.433209	0.4738545	-0.142060587273	-1.21517326168	52.8660230429	4.47972321068	-1.963534679
12.466542	0.468538	-0.18207765411	-1.11322400048	53.0231026756	4.4651786548	-0.109085259944
12.499875	0.461678	-0.218521768551	-0.971971869896	53.1627290157	4.49426776656	1.01812909282
12.533208	0.4536175	-0.245819124858	-0.898725613311	53.3198086484	4.59607965772	0.387858702018
12.566541	0.4450425	-0.269114774481	-1.07034814297	53.4768882811	4.50881232244	-0.0363617533204
12.599874	0.4364675	-0.313133548002	-1.30830915216	53.6165146213	4.52335687832	1.11509376833
12.633207	0.4248055	-0.372015803491	-1.09821745035	53.7735942539	4.63971332535	0.848440910684
12.66654	0.410571	-0.400170668373	-0.488903875251	53.9306738866	4.63971332535	-0.73935565074
12.699873	0.397194	-0.399313159798	0.00702687664794	54.0877535193	4.52335687832	-0.593908637481
12.733206	0.383817	-0.389737647376	0.221406164212	54.2273798595	4.52335687832	1.69688182136
12.766539	0.3712975	-0.380305053051	0.29048393465	54.3844594921	4.66880243711	3.43012539603
12.799872	0.3586065	-0.373730820642	0.455317786866	54.5415391248	4.77061432826	4.55733974876
12.833205	0.346087	-0.356723567236	0.84596448865	54.6986187575	4.97423811056	5.32093656836
12.866538	0.334425	-0.323423650903	1.43848501956	54.8731516827	5.17786189287	4.46037507326
12.899871	0.323792	-0.264112641126	2.11366067578	55.0476846079	5.27967378402	2.92106084961
12.933204	0.315903	-0.175932175988	2.579101929	55.2222175331	5.41057478693	0.121205844389
12.966537	0.3119585	-0.0810345603456	2.69427124627	55.4142037508	5.35239656341	-3.99979286461
12.99987	0.310758	0.00814633146331	2.62042949166	55.588736676	5.04696088996	-5.26033364618
13.033203	0.312473	0.0957551242179	2.44559127269	55.7458163087	4.85788166353	-2.64228740752
13.066536	0.3174465	0.173359650263	2.1963158011	55.9028959414	4.91605988705	-0.872682079546
13.099869	0.3243065	0.241388663887	1.95120881565	56.0774288666	4.90151533117	-1.61203773029
13.133202	0.3335675	0.304558462251	1.67930441925	56.2345084993	4.77061432826	-1.52719363922
13.166535	0.345058	0.354579795798	1.37607682695	56.3915881319	4.7415252165	-6.94414438613E-12
13.199868	0.3575775	0.392310173102	1.14109330786	56.5486677646	4.77061432826	1.50295247033
13.233201	0.370783	0.435328519952	0.760212773624	56.7057473973	4.90151533117	1.44234954815
13.266534	0.3874185	0.453050363837	0.103021157635	56.8802803225	4.91605988705	0.0363617533172
13.299867	0.401996	0.438472718061	-0.476160217601	57.0373599552	4.82879255178	0.399979286467
13.3332	0.4165735	0.418464184642	-0.95339233164	57.1944395879	4.93060444293	0.993887923944
13.366533	0.430808	0.371444131108	-1.28877681707	57.3689725131	4.95969355469	-0.278773442072
13.399866	0.4412695	0.323852405191	-1.36476236456	57.5260521457	4.94514899881	-2.79985500523
13.433199	0.452074	0.282120321203	-1.43800862114	57.7005850709	4.82879255178	-6.65420085659
13.466532	0.460649	0.227096854302	-1.4511095776	57.8576647036	4.45063409893	-8.58137378226
13.499865	0.4669945	0.178790537905	-1.29080151035	57.9972910438	4.08702020195	-5.64819234821
13.533198	0.4721395	0.141631832985	-1.13954501301	58.1194640914	4.01429742256	-0.799958572914
13.566531	0.476427	0.106759817598	-1.0939298646	58.2590904316	4.13065386959	1.74536415911
13.599864	0.4793425	0.0701727850612	-1.11298580127	58.3987167717	4.18883209311	2.53320214759
13.633197	0.4810575	0.03372867062	-1.1790860816	58.5383431119	4.2615548725	3.81798409803
13.66653	0.4817435	-0.00728882288823	-1.27984434676	58.677969452	4.45063409893	4.69066617758
13.699863	0.4807145	-0.0527367773678	-1.35797368712	58.8350490847	4.63971332535	3.91494877354
13.733196	0.478142	-0.0976130594639	-1.43657942589	58.9921287174	4.71243610475	3.05438727843
13.766529	0.474369	-0.147491474915	-1.51756715675	59.1492083501	4.78515888414	3.40588422713
13.799862	0.468538	-0.202800778008	-1.46623522734	59.3062879828	4.95969355469	3.03014610955
13.833195	0.460649	-0.250821258213	-1.26281310336	59.480820908	5.09059455759	0.0121205844451
13.866528	0.451388	-0.28740829075	-1.04700462054	59.6553538332	4.95969355469	-2.94530201847
13.899861	0.441098	-0.31284771181	-1.00853544839	59.8124334658	4.78515888414	-2.98166377179
13.933194	0.4313225	-0.355437304373	-0.93469369378	59.9695130985	4.72698066063	-1.89081117237
13.966527	0.417088	-0.387736794035	-0.533685326431	60.1265927312	4.69789154887	-1.56355539254
13.99986	0.404397	-0.390023483568	-0.143157724251	60.2836723639	4.65425788123	-1.92717292569
14.033193	0.3911915	-0.390595155952	0.0746754518349	60.4407519966	4.52335687832	-1.10297318387
14.066526	0.3781575	-0.383306333063	0.224264554713	60.5803783367	4.52335687832	1.17569669052
14.099859	0.365638	-0.375302919696	0.372186263132	60.7374579694	4.65425788123	2.13322286113
14.133192	0.3531185	-0.363583635836	0.68756201506	60.8945376021	4.71243610475	1.52719363921
14.166525	0.340942	-0.33557168905	1.18778035271	61.0516172348	4.75606977238	0.145447013251
14.199858	0.3301375	-0.285979109791	1.7203937827	61.2086968674	4.8142479959	-3.89070760467
14.233191	0.3212195	-0.215091734251	2.04779859466	61.3832297926	4.56699054596	-9.50253819956
14.266524	0.31556	-0.137058453918	1.98515220285	61.5228561328	4.04338653432	-11.2236611898
14.299857	0.3126445	-0.0747461641283	1.66263047467	61.6450291804	3.69431719323	-8.93287073096
14.33319	0.311101	-0.0290123734571	1.39477546481	61.7672022281	3.43251518741	-5.33305715281
14.366523	0.310758	0.0125767924346	1.30330696879	61.8719219832	3.28706962862	-0.181808766571
14.399856	0.3119585	0.0537372040387	1.36559606178	61.9766417383	3.43251518741	4.39977215107
14.433189	0.314188	0.100328503285	1.53662309342	62.098814786	3.66522808147	6.38754799894
14.466522	0.318304	0.156924069241	1.6949064674	62.2209878336	3.91248553141	6.49663325888
14.499855	0.3246495	0.216377997113	1.74326090671	62.3606141738	4.13065386959	5.47850416606
14.533188	0.33271	0.274831498315	1.69705026028	62.5002405139	4.24701031662	5.07852487961
14.566521	0.342657	0.338715887159	1.39668105848	62.6398668541	4.45063409893	5.04216312631
14.599854	0.3565485	0.36930035967	1.04069234152	62.7969464868	4.63971332535	3.59981357816
14.633187	0.3671815	0.398598569319	0.896939119248	62.9540261194	4.69789154887	2.10898169225
14.66652	0.3826165	0.436043110431	0.568462410858	63.1111057521	4.72698066062	2.16958461443
14.699853	0.3973655	0.44261734284	0.0608598977474	63.2681853848	4.78515888414	3.92706935797
14.733186	0.412286	0.438758554252	-0.447099914176	63.4252650175	4.98878266644	5.67243351708
14.766519	0.427035	0.416320413204	-1.01591962385	63.5997979427	5.2214955605	5.63607176378
14.799852	0.441098	0.364726980603	-1.38369920162	63.7743308679	5.42511934281	3.64829591591
14.833185	0.4512165	0.312704793715	-1.44010477417	63.9663170856	5.48329756632	0.736931533847
14.866518	0.461335	0.272973563069	-1.55160582363	64.1408500108	5.46875301045	-2.14655550401
14.899851	0.470253	0.212090454238	-1.67982845751	64.3328362285	5.36694111929	-5.37305508147
14.933184	0.475741	0.149120741207	-1.50001187509	64.5073691537	5.04405197878	-6.54147942131
14.966517	0.4793425	0.106759817598	-1.18225413108	64.6644487864	4.83606482972	-5.26275776307
14.99985	0.481572	0.0814633146331	-0.935455931247	64.8215284191	4.7415252165	-3.97312757885
